1 	   1424.5 
2 	   2106.1 
3 	   2764.2 
4 	   3399.2 
5 	   4011.7 
6 	   4602.3 
7 	   5171.5 
8 	   5719.9 
9 	   6247.9 
10 	   6756.1 
11 	   7245.0 
12 	   7715.0 
13 	   8166.7 
14 	   8600.6 
15 	   9017.1 
16 	   9416.7 
17 	   9799.9 
18 	  10167.0 
19 	  10518.7 
20 	  10855.2 
21 	  11177.0 
22 	  11484.6 
23 	  11778.4 
24 	  12058.7 
25 	  12326.0 
26 	  12580.7 
27 	  12823.1 
28 	  13053.6 
29 	  13272.6 
30 	  13480.4 
31 	  13677.5 
32 	  13864.1 
33 	  14040.7 
34 	  14207.4 
35 	  14364.7 
36 	  14512.8 
37 	  14652.1 
38 	  14782.9 
39 	  14905.5 
40 	  15020.1 
41 	  15127.0 
42 	  15226.5 
43 	  15318.9 
44 	  15404.4 
45 	  15483.3 
46 	  15555.7 
47 	  15622.0 
48 	  15682.4 
49 	  15737.0 
50 	  15786.1 
51 	  15829.9 
52 	  15868.6 
53 	  15902.4 
54 	  15931.3 
55 	  15955.7 
56 	  15975.7 
57 	  15991.4 
58 	  16003.0 
59 	  16010.7 
60 	  16014.5 
61 	  16014.5 
62 	  16011.0 
63 	  16004.0 
64 	  15993.7 
65 	  15980.1 
66 	  15963.4 
67 	  15943.6 
68 	  15921.0 
69 	  15895.5 
70 	  15867.4 
71 	  15836.6 
72 	  15803.3 
73 	  15767.7 
74 	  15729.7 
75 	  15689.5 
76 	  15647.1 
77 	  15602.8 
78 	  15556.5 
79 	  15508.3 
80 	  15458.4 
81 	  15406.8 
82 	  15353.6 
83 	  15298.8 
84 	  15242.7 
85 	  15185.1 
86 	  15126.3 
87 	  15066.3 
88 	  15005.0 
89 	  14942.7 
90 	  14879.3 
91 	  14815.0 
92 	  14749.7 
93 	  14683.5 
94 	  14616.5 
95 	  14548.7 
96 	  14480.2 
97 	  14411.0 
98 	  14341.2 
99 	  14270.7 
100 	  14199.8 
101 	  14128.4 
102 	  14056.5 
103 	  13984.2 
104 	  13911.7 
105 	  13838.8 
106 	  13765.7 
107 	  13692.4 
108 	  13618.9 
109 	  13545.3 
110 	  13471.6 
111 	  13397.8 
112 	  13324.0 
113 	  13250.2 
114 	  13176.5 
115 	  13102.8 
116 	  13029.2 
117 	  12955.8 
118 	  12882.5 
119 	  12809.3 
120 	  12736.3 
121 	  12663.6 
122 	  12591.0 
123 	  12518.8 
124 	  12446.8 
125 	  12375.1 
126 	  12303.7 
127 	  12232.6 
128 	  12161.8 
129 	  12091.4 
130 	  12021.4 
131 	  11951.8 
132 	  11882.5 
133 	  11813.7 
134 	  11745.3 
135 	  11677.3 
136 	  11609.7 
137 	  11542.6 
138 	  11476.0 
139 	  11409.8 
140 	  11344.1 
141 	  11278.9 
142 	  11214.2 
143 	  11149.9 
144 	  11086.2 
145 	  11023.0 
146 	  10960.3 
147 	  10898.1 
148 	  10836.5 
149 	  10775.3 
150 	  10714.7 
151 	  10654.6 
152 	  10595.1 
153 	  10536.0 
154 	  10477.6 
155 	  10419.6 
156 	  10362.2 
157 	  10305.3 
158 	  10249.0 
159 	  10193.1 
160 	  10137.9 
161 	  10083.1 
162 	  10028.9 
163 	   9975.2 
164 	   9922.0 
165 	   9869.4 
166 	   9817.3 
167 	   9765.7 
168 	   9714.6 
169 	   9664.1 
170 	   9614.0 
171 	   9564.5 
172 	   9515.5 
173 	   9467.0 
174 	   9419.0 
175 	   9371.5 
176 	   9324.5 
177 	   9278.0 
178 	   9232.0 
179 	   9186.5 
180 	   9141.5 
181 	   9097.0 
182 	   9053.0 
183 	   9009.4 
184 	   8966.3 
185 	   8923.7 
186 	   8881.6 
187 	   8839.9 
188 	   8798.7 
189 	   8757.9 
190 	   8717.6 
191 	   8677.7 
192 	   8638.3 
193 	   8599.3 
194 	   8560.7 
195 	   8522.6 
196 	   8484.9 
197 	   8447.5 
198 	   8410.6 
199 	   8374.1 
200 	   8338.0 
201 	   8302.3 
202 	   8267.0 
203 	   8232.0 
204 	   8197.4 
205 	   8163.2 
206 	   8129.3 
207 	   8095.8 
208 	   8062.7 
209 	   8029.9 
210 	   7997.4 
211 	   7965.3 
212 	   7933.5 
213 	   7902.0 
214 	   7870.9 
215 	   7840.0 
216 	   7809.4 
217 	   7779.2 
218 	   7749.2 
219 	   7719.6 
220 	   7690.2 
221 	   7661.1 
222 	   7632.2 
223 	   7603.7 
224 	   7575.3 
225 	   7547.3 
226 	   7519.5 
227 	   7491.9 
228 	   7464.6 
229 	   7437.4 
230 	   7410.6 
231 	   7383.9 
232 	   7357.5 
233 	   7331.2 
234 	   7305.2 
235 	   7279.4 
236 	   7253.8 
237 	   7228.3 
238 	   7203.1 
239 	   7178.0 
240 	   7153.1 
241 	   7128.4 
242 	   7103.8 
243 	   7079.4 
244 	   7055.1 
245 	   7031.0 
246 	   7007.1 
247 	   6983.3 
248 	   6959.6 
249 	   6936.1 
250 	   6912.7 
251 	   6889.4 
252 	   6866.2 
253 	   6843.2 
254 	   6820.2 
255 	   6797.4 
256 	   6774.7 
257 	   6752.1 
258 	   6729.5 
259 	   6707.1 
260 	   6684.8 
261 	   6662.6 
262 	   6640.4 
263 	   6618.4 
264 	   6596.4 
265 	   6574.5 
266 	   6552.7 
267 	   6530.9 
268 	   6509.2 
269 	   6487.6 
270 	   6466.1 
271 	   6444.6 
272 	   6423.2 
273 	   6401.9 
274 	   6380.6 
275 	   6359.4 
276 	   6338.2 
277 	   6317.1 
278 	   6296.0 
279 	   6275.0 
280 	   6254.1 
281 	   6233.2 
282 	   6212.3 
283 	   6191.5 
284 	   6170.8 
285 	   6150.1 
286 	   6129.4 
287 	   6108.8 
288 	   6088.2 
289 	   6067.7 
290 	   6047.2 
291 	   6026.7 
292 	   6006.3 
293 	   5985.9 
294 	   5965.6 
295 	   5945.3 
296 	   5925.0 
297 	   5904.8 
298 	   5884.6 
299 	   5864.5 
300 	   5844.4 
301 	   5824.3 
302 	   5804.3 
303 	   5784.3 
304 	   5764.3 
305 	   5744.4 
306 	   5724.5 
307 	   5704.7 
308 	   5684.9 
309 	   5665.1 
310 	   5645.4 
311 	   5625.7 
312 	   5606.1 
313 	   5586.5 
314 	   5566.9 
315 	   5547.4 
316 	   5527.9 
317 	   5508.5 
318 	   5489.0 
319 	   5469.7 
320 	   5450.4 
321 	   5431.1 
322 	   5411.9 
323 	   5392.7 
324 	   5373.5 
325 	   5354.4 
326 	   5335.3 
327 	   5316.3 
328 	   5297.4 
329 	   5278.4 
330 	   5259.5 
331 	   5240.7 
332 	   5221.9 
333 	   5203.2 
334 	   5184.5 
335 	   5165.9 
336 	   5147.3 
337 	   5128.7 
338 	   5110.2 
339 	   5091.8 
340 	   5073.4 
341 	   5055.1 
342 	   5036.8 
343 	   5018.6 
344 	   5000.4 
345 	   4982.3 
346 	   4964.2 
347 	   4946.2 
348 	   4928.2 
349 	   4910.3 
350 	   4892.5 
351 	   4874.7 
352 	   4857.0 
353 	   4839.4 
354 	   4821.7 
355 	   4804.2 
356 	   4786.7 
357 	   4769.3 
358 	   4751.9 
359 	   4734.6 
360 	   4717.4 
361 	   4700.2 
362 	   4683.1 
363 	   4666.1 
364 	   4649.1 
365 	   4632.2 
366 	   4615.3 
367 	   4598.5 
368 	   4581.8 
369 	   4565.2 
370 	   4548.6 
371 	   4532.1 
372 	   4515.6 
373 	   4499.2 
374 	   4482.9 
375 	   4466.6 
376 	   4450.5 
377 	   4434.3 
378 	   4418.3 
379 	   4402.3 
380 	   4386.4 
381 	   4370.6 
382 	   4354.8 
383 	   4339.1 
384 	   4323.5 
385 	   4308.0 
386 	   4292.5 
387 	   4277.1 
388 	   4261.7 
389 	   4246.5 
390 	   4231.3 
391 	   4216.2 
392 	   4201.1 
393 	   4186.2 
394 	   4171.3 
395 	   4156.5 
396 	   4141.7 
397 	   4127.0 
398 	   4112.4 
399 	   4097.9 
400 	   4083.5 
401 	   4069.1 
402 	   4054.8 
403 	   4040.6 
404 	   4026.4 
405 	   4012.3 
406 	   3998.3 
407 	   3984.4 
408 	   3970.6 
409 	   3956.8 
410 	   3943.1 
411 	   3929.5 
412 	   3915.9 
413 	   3902.5 
414 	   3889.1 
415 	   3875.7 
416 	   3862.5 
417 	   3849.3 
418 	   3836.2 
419 	   3823.2 
420 	   3810.3 
421 	   3797.4 
422 	   3784.6 
423 	   3771.9 
424 	   3759.3 
425 	   3746.7 
426 	   3734.2 
427 	   3721.8 
428 	   3709.5 
429 	   3697.2 
430 	   3685.0 
431 	   3672.9 
432 	   3660.9 
433 	   3648.9 
434 	   3637.0 
435 	   3625.2 
436 	   3613.5 
437 	   3601.8 
438 	   3590.2 
439 	   3578.7 
440 	   3567.3 
441 	   3555.9 
442 	   3544.6 
443 	   3533.4 
444 	   3522.2 
445 	   3511.2 
446 	   3500.2 
447 	   3489.2 
448 	   3478.4 
449 	   3467.6 
450 	   3456.9 
451 	   3446.2 
452 	   3435.6 
453 	   3425.1 
454 	   3414.7 
455 	   3404.3 
456 	   3394.0 
457 	   3383.8 
458 	   3373.7 
459 	   3363.6 
460 	   3353.5 
461 	   3343.6 
462 	   3333.7 
463 	   3323.9 
464 	   3314.1 
465 	   3304.5 
466 	   3294.8 
467 	   3285.3 
468 	   3275.8 
469 	   3266.4 
470 	   3257.0 
471 	   3247.7 
472 	   3238.5 
473 	   3229.3 
474 	   3220.2 
475 	   3211.2 
476 	   3202.2 
477 	   3193.3 
478 	   3184.4 
479 	   3175.6 
480 	   3166.9 
481 	   3158.2 
482 	   3149.6 
483 	   3141.1 
484 	   3132.6 
485 	   3124.1 
486 	   3115.8 
487 	   3107.4 
488 	   3099.2 
489 	   3091.0 
490 	   3082.8 
491 	   3074.7 
492 	   3066.7 
493 	   3058.7 
494 	   3050.8 
495 	   3042.9 
496 	   3035.1 
497 	   3027.3 
498 	   3019.6 
499 	   3011.9 
500 	   3004.3 
501 	   2996.7 
502 	   2989.2 
503 	   2981.8 
504 	   2974.4 
505 	   2967.0 
506 	   2959.7 
507 	   2952.4 
508 	   2945.2 
509 	   2938.0 
510 	   2930.9 
511 	   2923.8 
512 	   2916.8 
513 	   2909.8 
514 	   2902.9 
515 	   2896.0 
516 	   2889.1 
517 	   2882.3 
518 	   2875.6 
519 	   2868.8 
520 	   2862.1 
521 	   2855.5 
522 	   2848.9 
523 	   2842.3 
524 	   2835.8 
525 	   2829.3 
526 	   2822.9 
527 	   2816.5 
528 	   2810.1 
529 	   2803.8 
530 	   2797.5 
531 	   2791.3 
532 	   2785.0 
533 	   2778.9 
534 	   2772.7 
535 	   2766.6 
536 	   2760.5 
537 	   2754.5 
538 	   2748.5 
539 	   2742.5 
540 	   2736.5 
541 	   2730.6 
542 	   2724.7 
543 	   2718.9 
544 	   2713.1 
545 	   2707.3 
546 	   2701.5 
547 	   2695.8 
548 	   2690.1 
549 	   2684.4 
550 	   2678.8 
551 	   2673.1 
552 	   2667.5 
553 	   2662.0 
554 	   2656.4 
555 	   2650.9 
556 	   2645.4 
557 	   2640.0 
558 	   2634.6 
559 	   2629.1 
560 	   2623.8 
561 	   2618.4 
562 	   2613.1 
563 	   2607.7 
564 	   2602.5 
565 	   2597.2 
566 	   2591.9 
567 	   2586.7 
568 	   2581.5 
569 	   2576.3 
570 	   2571.2 
571 	   2566.0 
572 	   2560.9 
573 	   2555.8 
574 	   2550.7 
575 	   2545.7 
576 	   2540.6 
577 	   2535.6 
578 	   2530.6 
579 	   2525.6 
580 	   2520.6 
581 	   2515.7 
582 	   2510.8 
583 	   2505.8 
584 	   2500.9 
585 	   2496.1 
586 	   2491.2 
587 	   2486.3 
588 	   2481.5 
589 	   2476.7 
590 	   2471.9 
591 	   2467.1 
592 	   2462.3 
593 	   2457.5 
594 	   2452.8 
595 	   2448.0 
596 	   2443.3 
597 	   2438.6 
598 	   2433.9 
599 	   2429.2 
600 	   2424.5 
601 	   2419.9 
602 	   2415.2 
603 	   2410.6 
604 	   2406.0 
605 	   2401.3 
606 	   2396.7 
607 	   2392.2 
608 	   2387.6 
609 	   2383.0 
610 	   2378.4 
611 	   2373.9 
612 	   2369.4 
613 	   2364.8 
614 	   2360.3 
615 	   2355.8 
616 	   2351.3 
617 	   2346.8 
618 	   2342.3 
619 	   2337.8 
620 	   2333.4 
621 	   2328.9 
622 	   2324.5 
623 	   2320.0 
624 	   2315.6 
625 	   2311.2 
626 	   2306.8 
627 	   2302.4 
628 	   2298.0 
629 	   2293.6 
630 	   2289.2 
631 	   2284.8 
632 	   2280.5 
633 	   2276.1 
634 	   2271.8 
635 	   2267.4 
636 	   2263.1 
637 	   2258.8 
638 	   2254.4 
639 	   2250.1 
640 	   2245.8 
641 	   2241.5 
642 	   2237.2 
643 	   2232.9 
644 	   2228.7 
645 	   2224.4 
646 	   2220.1 
647 	   2215.9 
648 	   2211.6 
649 	   2207.4 
650 	   2203.1 
651 	   2198.9 
652 	   2194.7 
653 	   2190.4 
654 	   2186.2 
655 	   2182.0 
656 	   2177.8 
657 	   2173.6 
658 	   2169.4 
659 	   2165.2 
660 	   2161.1 
661 	   2156.9 
662 	   2152.7 
663 	   2148.6 
664 	   2144.4 
665 	   2140.3 
666 	   2136.1 
667 	   2132.0 
668 	   2127.9 
669 	   2123.8 
670 	   2119.6 
671 	   2115.5 
672 	   2111.4 
673 	   2107.3 
674 	   2103.2 
675 	   2099.2 
676 	   2095.1 
677 	   2091.0 
678 	   2086.9 
679 	   2082.9 
680 	   2078.8 
681 	   2074.8 
682 	   2070.7 
683 	   2066.7 
684 	   2062.7 
685 	   2058.6 
686 	   2054.6 
687 	   2050.6 
688 	   2046.6 
689 	   2042.6 
690 	   2038.6 
691 	   2034.6 
692 	   2030.6 
693 	   2026.6 
694 	   2022.7 
695 	   2018.7 
696 	   2014.7 
697 	   2010.8 
698 	   2006.8 
699 	   2002.9 
700 	   1999.0 
701 	   1995.0 
702 	   1991.1 
703 	   1987.2 
704 	   1983.3 
705 	   1979.4 
706 	   1975.5 
707 	   1971.6 
708 	   1967.7 
709 	   1963.9 
710 	   1960.0 
711 	   1956.1 
712 	   1952.3 
713 	   1948.4 
714 	   1944.6 
715 	   1940.8 
716 	   1936.9 
717 	   1933.1 
718 	   1929.3 
719 	   1925.5 
720 	   1921.7 
721 	   1917.9 
722 	   1914.1 
723 	   1910.3 
724 	   1906.6 
725 	   1902.8 
726 	   1899.1 
727 	   1895.3 
728 	   1891.6 
729 	   1887.9 
730 	   1884.1 
731 	   1880.4 
732 	   1876.7 
733 	   1873.0 
734 	   1869.3 
735 	   1865.6 
736 	   1862.0 
737 	   1858.3 
738 	   1854.6 
739 	   1851.0 
740 	   1847.3 
741 	   1843.7 
742 	   1840.1 
743 	   1836.5 
744 	   1832.8 
745 	   1829.2 
746 	   1825.7 
747 	   1822.1 
748 	   1818.5 
749 	   1814.9 
750 	   1811.4 
751 	   1807.8 
752 	   1804.3 
753 	   1800.7 
754 	   1797.2 
755 	   1793.7 
756 	   1790.2 
757 	   1786.7 
758 	   1783.2 
759 	   1779.7 
760 	   1776.2 
761 	   1772.8 
762 	   1769.3 
763 	   1765.9 
764 	   1762.4 
765 	   1759.0 
766 	   1755.6 
767 	   1752.2 
768 	   1748.8 
769 	   1745.4 
770 	   1742.0 
771 	   1738.6 
772 	   1735.3 
773 	   1731.9 
774 	   1728.6 
775 	   1725.2 
776 	   1721.9 
777 	   1718.6 
778 	   1715.3 
779 	   1712.0 
780 	   1708.7 
781 	   1705.4 
782 	   1702.1 
783 	   1698.9 
784 	   1695.6 
785 	   1692.4 
786 	   1689.2 
787 	   1685.9 
788 	   1682.7 
789 	   1679.5 
790 	   1676.3 
791 	   1673.1 
792 	   1670.0 
793 	   1666.8 
794 	   1663.6 
795 	   1660.5 
796 	   1657.4 
797 	   1654.2 
798 	   1651.1 
799 	   1648.0 
800 	   1644.9 
801 	   1641.8 
802 	   1638.7 
803 	   1635.7 
804 	   1632.6 
805 	   1629.6 
806 	   1626.5 
807 	   1623.5 
808 	   1620.5 
809 	   1617.5 
810 	   1614.5 
811 	   1611.5 
812 	   1608.5 
813 	   1605.5 
814 	   1602.6 
815 	   1599.6 
816 	   1596.7 
817 	   1593.8 
818 	   1590.8 
819 	   1587.9 
820 	   1585.0 
821 	   1582.1 
822 	   1579.3 
823 	   1576.4 
824 	   1573.5 
825 	   1570.7 
826 	   1567.8 
827 	   1565.0 
828 	   1562.2 
829 	   1559.4 
830 	   1556.6 
831 	   1553.8 
832 	   1551.0 
833 	   1548.2 
834 	   1545.5 
835 	   1542.7 
836 	   1540.0 
837 	   1537.3 
838 	   1534.5 
839 	   1531.8 
840 	   1529.1 
841 	   1526.4 
842 	   1523.8 
843 	   1521.1 
844 	   1518.4 
845 	   1515.8 
846 	   1513.1 
847 	   1510.5 
848 	   1507.9 
849 	   1505.3 
850 	   1502.7 
851 	   1500.1 
852 	   1497.5 
853 	   1494.9 
854 	   1492.4 
855 	   1489.8 
856 	   1487.3 
857 	   1484.7 
858 	   1482.2 
859 	   1479.7 
860 	   1477.2 
861 	   1474.7 
862 	   1472.2 
863 	   1469.7 
864 	   1467.3 
865 	   1464.8 
866 	   1462.4 
867 	   1459.9 
868 	   1457.5 
869 	   1455.1 
870 	   1452.7 
871 	   1450.3 
872 	   1447.9 
873 	   1445.5 
874 	   1443.1 
875 	   1440.7 
876 	   1438.4 
877 	   1436.0 
878 	   1433.7 
879 	   1431.4 
880 	   1429.1 
881 	   1426.8 
882 	   1424.5 
883 	   1422.2 
884 	   1419.9 
885 	   1417.6 
886 	   1415.4 
887 	   1413.1 
888 	   1410.9 
889 	   1408.6 
890 	   1406.4 
891 	   1404.2 
892 	   1402.0 
893 	   1399.8 
894 	   1397.6 
895 	   1395.4 
896 	   1393.2 
897 	   1391.0 
898 	   1388.9 
899 	   1386.7 
900 	   1384.6 
901 	   1382.5 
902 	   1380.3 
903 	   1378.2 
904 	   1376.1 
905 	   1374.0 
906 	   1371.9 
907 	   1369.8 
908 	   1367.8 
909 	   1365.7 
910 	   1363.6 
911 	   1361.6 
912 	   1359.5 
913 	   1357.5 
914 	   1355.5 
915 	   1353.5 
916 	   1351.5 
917 	   1349.5 
918 	   1347.5 
919 	   1345.5 
920 	   1343.5 
921 	   1341.5 
922 	   1339.6 
923 	   1337.6 
924 	   1335.7 
925 	   1333.7 
926 	   1331.8 
927 	   1329.9 
928 	   1327.9 
929 	   1326.0 
930 	   1324.1 
931 	   1322.2 
932 	   1320.3 
933 	   1318.5 
934 	   1316.6 
935 	   1314.7 
936 	   1312.9 
937 	   1311.0 
938 	   1309.2 
939 	   1307.3 
940 	   1305.5 
941 	   1303.7 
942 	   1301.9 
943 	   1300.1 
944 	   1298.3 
945 	   1296.5 
946 	   1294.7 
947 	   1292.9 
948 	   1291.1 
949 	   1289.4 
950 	   1287.6 
951 	   1285.9 
952 	   1284.1 
953 	   1282.4 
954 	   1280.6 
955 	   1278.9 
956 	   1277.2 
957 	   1275.5 
958 	   1273.8 
959 	   1272.1 
960 	   1270.4 
961 	   1268.7 
962 	   1267.0 
963 	   1265.3 
964 	   1263.7 
965 	   1262.0 
966 	   1260.4 
967 	   1258.7 
968 	   1257.1 
969 	   1255.4 
970 	   1253.8 
971 	   1252.2 
972 	   1250.6 
973 	   1249.0 
974 	   1247.3 
975 	   1245.7 
976 	   1244.2 
977 	   1242.6 
978 	   1241.0 
979 	   1239.4 
980 	   1237.8 
981 	   1236.3 
982 	   1234.7 
983 	   1233.2 
984 	   1231.6 
985 	   1230.1 
986 	   1228.5 
987 	   1227.0 
988 	   1225.5 
989 	   1224.0 
990 	   1222.4 
991 	   1220.9 
992 	   1219.4 
993 	   1217.9 
994 	   1216.4 
995 	   1215.0 
996 	   1213.5 
997 	   1212.0 
998 	   1210.5 
999 	   1209.1 
1000 	   1207.6 
1001 	   1206.1 
1002 	   1204.7 
1003 	   1203.2 
1004 	   1201.8 
1005 	   1200.4 
1006 	   1198.9 
1007 	   1197.5 
1008 	   1196.1 
1009 	   1194.7 
1010 	   1193.3 
1011 	   1191.8 
1012 	   1190.4 
1013 	   1189.0 
1014 	   1187.6 
1015 	   1186.3 
1016 	   1184.9 
1017 	   1183.5 
1018 	   1182.1 
1019 	   1180.8 
1020 	   1179.4 
1021 	   1178.0 
1022 	   1176.7 
1023 	   1175.3 
1024 	   1174.0 
1025 	   1172.6 
1026 	   1171.3 
1027 	   1169.9 
1028 	   1168.6 
1029 	   1167.3 
1030 	   1166.0 
1031 	   1164.6 
1032 	   1163.3 
1033 	   1162.0 
1034 	   1160.7 
1035 	   1159.4 
1036 	   1158.1 
1037 	   1156.8 
1038 	   1155.5 
1039 	   1154.2 
1040 	   1153.0 
1041 	   1151.7 
1042 	   1150.4 
1043 	   1149.1 
1044 	   1147.9 
1045 	   1146.6 
1046 	   1145.4 
1047 	   1144.1 
1048 	   1142.9 
1049 	   1141.6 
1050 	   1140.4 
1051 	   1139.1 
1052 	   1137.9 
1053 	   1136.6 
1054 	   1135.4 
1055 	   1134.2 
1056 	   1133.0 
1057 	   1131.8 
1058 	   1130.5 
1059 	   1129.3 
1060 	   1128.1 
1061 	   1126.9 
1062 	   1125.7 
1063 	   1124.5 
1064 	   1123.3 
1065 	   1122.1 
1066 	   1120.9 
1067 	   1119.8 
1068 	   1118.6 
1069 	   1117.4 
1070 	   1116.2 
1071 	   1115.0 
1072 	   1113.9 
1073 	   1112.7 
1074 	   1111.6 
1075 	   1110.4 
1076 	   1109.2 
1077 	   1108.1 
1078 	   1106.9 
1079 	   1105.8 
1080 	   1104.6 
1081 	   1103.5 
1082 	   1102.4 
1083 	   1101.2 
1084 	   1100.1 
1085 	   1099.0 
1086 	   1097.8 
1087 	   1096.7 
1088 	   1095.6 
1089 	   1094.5 
1090 	   1093.4 
1091 	   1092.2 
1092 	   1091.1 
1093 	   1090.0 
1094 	   1088.9 
1095 	   1087.8 
1096 	   1086.7 
1097 	   1085.6 
1098 	   1084.5 
1099 	   1083.4 
1100 	   1082.4 
1101 	   1081.3 
1102 	   1080.2 
1103 	   1079.1 
1104 	   1078.0 
1105 	   1077.0 
1106 	   1075.9 
1107 	   1074.8 
1108 	   1073.8 
1109 	   1072.7 
1110 	   1071.6 
1111 	   1070.6 
1112 	   1069.5 
1113 	   1068.5 
1114 	   1067.4 
1115 	   1066.3 
1116 	   1065.3 
1117 	   1064.3 
1118 	   1063.2 
1119 	   1062.2 
1120 	   1061.1 
1121 	   1060.1 
1122 	   1059.1 
1123 	   1058.0 
1124 	   1057.0 
1125 	   1056.0 
1126 	   1054.9 
1127 	   1053.9 
1128 	   1052.9 
1129 	   1051.9 
1130 	   1050.9 
1131 	   1049.9 
1132 	   1048.8 
1133 	   1047.8 
1134 	   1046.8 
1135 	   1045.8 
1136 	   1044.8 
1137 	   1043.8 
1138 	   1042.8 
1139 	   1041.8 
1140 	   1040.8 
1141 	   1039.8 
1142 	   1038.8 
1143 	   1037.9 
1144 	   1036.9 
1145 	   1035.9 
1146 	   1034.9 
1147 	   1033.9 
1148 	   1032.9 
1149 	   1032.0 
1150 	   1031.0 
1151 	   1030.0 
1152 	   1029.0 
1153 	   1028.1 
1154 	   1027.1 
1155 	   1026.1 
1156 	   1025.2 
1157 	   1024.2 
1158 	   1023.2 
1159 	   1022.3 
1160 	   1021.3 
1161 	   1020.4 
1162 	   1019.4 
1163 	   1018.5 
1164 	   1017.5 
1165 	   1016.6 
1166 	   1015.6 
1167 	   1014.7 
1168 	   1013.7 
1169 	   1012.8 
1170 	   1011.9 
1171 	   1010.9 
1172 	   1010.0 
1173 	   1009.1 
1174 	   1008.1 
1175 	   1007.2 
1176 	   1006.3 
1177 	   1005.3 
1178 	   1004.4 
1179 	   1003.5 
1180 	   1002.6 
1181 	   1001.6 
1182 	   1000.7 
1183 	    999.8 
1184 	    998.9 
1185 	    998.0 
1186 	    997.1 
1187 	    996.1 
1188 	    995.2 
1189 	    994.3 
1190 	    993.4 
1191 	    992.5 
1192 	    991.6 
1193 	    990.7 
1194 	    989.8 
1195 	    988.9 
1196 	    988.0 
1197 	    987.1 
1198 	    986.2 
1199 	    985.3 
1200 	    984.4 
1201 	    983.6 
1202 	    982.7 
1203 	    981.8 
1204 	    980.9 
1205 	    980.0 
1206 	    979.1 
1207 	    978.2 
1208 	    977.4 
1209 	    976.5 
1210 	    975.6 
1211 	    974.7 
1212 	    973.9 
1213 	    973.0 
1214 	    972.1 
1215 	    971.3 
1216 	    970.4 
1217 	    969.5 
1218 	    968.7 
1219 	    967.8 
1220 	    966.9 
1221 	    966.1 
1222 	    965.2 
1223 	    964.4 
1224 	    963.5 
1225 	    962.6 
1226 	    961.8 
1227 	    960.9 
1228 	    960.1 
1229 	    959.2 
1230 	    958.4 
1231 	    957.5 
1232 	    956.7 
1233 	    955.8 
1234 	    955.0 
1235 	    954.2 
1236 	    953.3 
1237 	    952.5 
1238 	    951.7 
1239 	    950.8 
1240 	    950.0 
1241 	    949.1 
1242 	    948.3 
1243 	    947.5 
1244 	    946.7 
1245 	    945.8 
1246 	    945.0 
1247 	    944.2 
1248 	    943.4 
1249 	    942.5 
1250 	    941.7 
1251 	    940.9 
1252 	    940.1 
1253 	    939.3 
1254 	    938.4 
1255 	    937.6 
1256 	    936.8 
1257 	    936.0 
1258 	    935.2 
1259 	    934.4 
1260 	    933.6 
1261 	    932.8 
1262 	    932.0 
1263 	    931.2 
1264 	    930.4 
1265 	    929.6 
1266 	    928.8 
1267 	    928.0 
1268 	    927.2 
1269 	    926.4 
1270 	    925.6 
1271 	    924.8 
1272 	    924.0 
1273 	    923.2 
1274 	    922.4 
1275 	    921.6 
1276 	    920.8 
1277 	    920.0 
1278 	    919.3 
1279 	    918.5 
1280 	    917.7 
1281 	    916.9 
1282 	    916.1 
1283 	    915.4 
1284 	    914.6 
1285 	    913.8 
1286 	    913.0 
1287 	    912.3 
1288 	    911.5 
1289 	    910.7 
1290 	    909.9 
1291 	    909.2 
1292 	    908.4 
1293 	    907.6 
1294 	    906.9 
1295 	    906.1 
1296 	    905.4 
1297 	    904.6 
1298 	    903.8 
1299 	    903.1 
1300 	    902.3 
1301 	    901.6 
1302 	    900.8 
1303 	    900.1 
1304 	    899.3 
1305 	    898.6 
1306 	    897.8 
1307 	    897.1 
1308 	    896.3 
1309 	    895.6 
1310 	    894.8 
1311 	    894.1 
1312 	    893.3 
1313 	    892.6 
1314 	    891.9 
1315 	    891.1 
1316 	    890.4 
1317 	    889.7 
1318 	    888.9 
1319 	    888.2 
1320 	    887.5 
1321 	    886.7 
1322 	    886.0 
1323 	    885.3 
1324 	    884.5 
1325 	    883.8 
1326 	    883.1 
1327 	    882.4 
1328 	    881.6 
1329 	    880.9 
1330 	    880.2 
1331 	    879.5 
1332 	    878.8 
1333 	    878.0 
1334 	    877.3 
1335 	    876.6 
1336 	    875.9 
1337 	    875.2 
1338 	    874.5 
1339 	    873.8 
1340 	    873.1 
1341 	    872.3 
1342 	    871.6 
1343 	    870.9 
1344 	    870.2 
1345 	    869.5 
1346 	    868.8 
1347 	    868.1 
1348 	    867.4 
1349 	    866.7 
1350 	    866.0 
1351 	    865.3 
1352 	    864.6 
1353 	    864.0 
1354 	    863.3 
1355 	    862.6 
1356 	    861.9 
1357 	    861.2 
1358 	    860.5 
1359 	    859.8 
1360 	    859.1 
1361 	    858.5 
1362 	    857.8 
1363 	    857.1 
1364 	    856.4 
1365 	    855.7 
1366 	    855.0 
1367 	    854.4 
1368 	    853.7 
1369 	    853.0 
1370 	    852.3 
1371 	    851.7 
1372 	    851.0 
1373 	    850.3 
1374 	    849.7 
1375 	    849.0 
1376 	    848.3 
1377 	    847.7 
1378 	    847.0 
1379 	    846.3 
1380 	    845.7 
1381 	    845.0 
1382 	    844.4 
1383 	    843.7 
1384 	    843.0 
1385 	    842.4 
1386 	    841.7 
1387 	    841.1 
1388 	    840.4 
1389 	    839.8 
1390 	    839.1 
1391 	    838.5 
1392 	    837.8 
1393 	    837.2 
1394 	    836.5 
1395 	    835.9 
1396 	    835.2 
1397 	    834.6 
1398 	    834.0 
1399 	    833.3 
1400 	    832.7 
1401 	    832.0 
1402 	    831.4 
1403 	    830.8 
1404 	    830.1 
1405 	    829.5 
1406 	    828.9 
1407 	    828.2 
1408 	    827.6 
1409 	    827.0 
1410 	    826.4 
1411 	    825.7 
1412 	    825.1 
1413 	    824.5 
1414 	    823.9 
1415 	    823.2 
1416 	    822.6 
1417 	    822.0 
1418 	    821.4 
1419 	    820.8 
1420 	    820.1 
1421 	    819.5 
1422 	    818.9 
1423 	    818.3 
1424 	    817.7 
1425 	    817.1 
1426 	    816.5 
1427 	    815.9 
1428 	    815.2 
1429 	    814.6 
1430 	    814.0 
1431 	    813.4 
1432 	    812.8 
1433 	    812.2 
1434 	    811.6 
1435 	    811.0 
1436 	    810.4 
1437 	    809.8 
1438 	    809.2 
1439 	    808.6 
1440 	    808.0 
1441 	    807.5 
1442 	    806.9 
1443 	    806.3 
1444 	    805.7 
1445 	    805.1 
1446 	    804.5 
1447 	    803.9 
1448 	    803.3 
1449 	    802.7 
1450 	    802.2 
1451 	    801.6 
1452 	    801.0 
1453 	    800.4 
1454 	    799.8 
1455 	    799.3 
1456 	    798.7 
1457 	    798.1 
1458 	    797.5 
1459 	    797.0 
1460 	    796.4 
1461 	    795.8 
1462 	    795.2 
1463 	    794.7 
1464 	    794.1 
1465 	    793.5 
1466 	    793.0 
1467 	    792.4 
1468 	    791.8 
1469 	    791.3 
1470 	    790.7 
1471 	    790.2 
1472 	    789.6 
1473 	    789.0 
1474 	    788.5 
1475 	    787.9 
1476 	    787.4 
1477 	    786.8 
1478 	    786.3 
1479 	    785.7 
1480 	    785.2 
1481 	    784.6 
1482 	    784.1 
1483 	    783.5 
1484 	    783.0 
1485 	    782.4 
1486 	    781.9 
1487 	    781.3 
1488 	    780.8 
1489 	    780.2 
1490 	    779.7 
1491 	    779.2 
1492 	    778.6 
1493 	    778.1 
1494 	    777.5 
1495 	    777.0 
1496 	    776.5 
1497 	    775.9 
1498 	    775.4 
1499 	    774.9 
1500 	    774.3 
1501 	    773.8 
1502 	    773.3 
1503 	    772.8 
1504 	    772.2 
1505 	    771.7 
1506 	    771.2 
1507 	    770.7 
1508 	    770.1 
1509 	    769.6 
1510 	    769.1 
1511 	    768.6 
1512 	    768.1 
1513 	    767.5 
1514 	    767.0 
1515 	    766.5 
1516 	    766.0 
1517 	    765.5 
1518 	    765.0 
1519 	    764.5 
1520 	    763.9 
1521 	    763.4 
1522 	    762.9 
1523 	    762.4 
1524 	    761.9 
1525 	    761.4 
1526 	    760.9 
1527 	    760.4 
1528 	    759.9 
1529 	    759.4 
1530 	    758.9 
1531 	    758.4 
1532 	    757.9 
1533 	    757.4 
1534 	    756.9 
1535 	    756.4 
1536 	    755.9 
1537 	    755.4 
1538 	    754.9 
1539 	    754.4 
1540 	    753.9 
1541 	    753.5 
1542 	    753.0 
1543 	    752.5 
1544 	    752.0 
1545 	    751.5 
1546 	    751.0 
1547 	    750.5 
1548 	    750.1 
1549 	    749.6 
1550 	    749.1 
1551 	    748.6 
1552 	    748.1 
1553 	    747.6 
1554 	    747.2 
1555 	    746.7 
1556 	    746.2 
1557 	    745.7 
1558 	    745.3 
1559 	    744.8 
1560 	    744.3 
1561 	    743.9 
1562 	    743.4 
1563 	    742.9 
1564 	    742.5 
1565 	    742.0 
1566 	    741.5 
1567 	    741.1 
1568 	    740.6 
1569 	    740.1 
1570 	    739.7 
1571 	    739.2 
1572 	    738.7 
1573 	    738.3 
1574 	    737.8 
1575 	    737.4 
1576 	    736.9 
1577 	    736.5 
1578 	    736.0 
1579 	    735.5 
1580 	    735.1 
1581 	    734.6 
1582 	    734.2 
1583 	    733.7 
1584 	    733.3 
1585 	    732.8 
1586 	    732.4 
1587 	    731.9 
1588 	    731.5 
1589 	    731.1 
1590 	    730.6 
1591 	    730.2 
1592 	    729.7 
1593 	    729.3 
1594 	    728.8 
1595 	    728.4 
1596 	    728.0 
1597 	    727.5 
1598 	    727.1 
1599 	    726.6 
1600 	    726.2 
1601 	    725.8 
1602 	    725.3 
1603 	    724.9 
1604 	    724.5 
1605 	    724.1 
1606 	    723.6 
1607 	    723.2 
1608 	    722.8 
1609 	    722.3 
1610 	    721.9 
1611 	    721.5 
1612 	    721.1 
1613 	    720.6 
1614 	    720.2 
1615 	    719.8 
1616 	    719.4 
1617 	    718.9 
1618 	    718.5 
1619 	    718.1 
1620 	    717.7 
1621 	    717.3 
1622 	    716.9 
1623 	    716.4 
1624 	    716.0 
1625 	    715.6 
1626 	    715.2 
1627 	    714.8 
1628 	    714.4 
1629 	    714.0 
1630 	    713.6 
1631 	    713.1 
1632 	    712.7 
1633 	    712.3 
1634 	    711.9 
1635 	    711.5 
1636 	    711.1 
1637 	    710.7 
1638 	    710.3 
1639 	    709.9 
1640 	    709.5 
1641 	    709.1 
1642 	    708.7 
1643 	    708.3 
1644 	    707.9 
1645 	    707.5 
1646 	    707.1 
1647 	    706.7 
1648 	    706.3 
1649 	    705.9 
1650 	    705.5 
1651 	    705.1 
1652 	    704.8 
1653 	    704.4 
1654 	    704.0 
1655 	    703.6 
1656 	    703.2 
1657 	    702.8 
1658 	    702.4 
1659 	    702.0 
1660 	    701.6 
1661 	    701.3 
1662 	    700.9 
1663 	    700.5 
1664 	    700.1 
1665 	    699.7 
1666 	    699.3 
1667 	    699.0 
1668 	    698.6 
1669 	    698.2 
1670 	    697.8 
1671 	    697.5 
1672 	    697.1 
1673 	    696.7 
1674 	    696.3 
1675 	    696.0 
1676 	    695.6 
1677 	    695.2 
1678 	    694.8 
1679 	    694.5 
1680 	    694.1 
1681 	    693.7 
1682 	    693.4 
1683 	    693.0 
1684 	    692.6 
1685 	    692.3 
1686 	    691.9 
1687 	    691.5 
1688 	    691.2 
1689 	    690.8 
1690 	    690.4 
1691 	    690.1 
1692 	    689.7 
1693 	    689.3 
1694 	    689.0 
1695 	    688.6 
1696 	    688.3 
1697 	    687.9 
1698 	    687.6 
1699 	    687.2 
1700 	    686.8 
1701 	    686.5 
1702 	    686.1 
1703 	    685.8 
1704 	    685.4 
1705 	    685.1 
1706 	    684.7 
1707 	    684.4 
1708 	    684.0 
1709 	    683.7 
1710 	    683.3 
1711 	    683.0 
1712 	    682.6 
1713 	    682.3 
1714 	    681.9 
1715 	    681.6 
1716 	    681.2 
1717 	    680.9 
1718 	    680.5 
1719 	    680.2 
1720 	    679.9 
1721 	    679.5 
1722 	    679.2 
1723 	    678.8 
1724 	    678.5 
1725 	    678.2 
1726 	    677.8 
1727 	    677.5 
1728 	    677.1 
1729 	    676.8 
1730 	    676.5 
1731 	    676.1 
1732 	    675.8 
1733 	    675.5 
1734 	    675.1 
1735 	    674.8 
1736 	    674.5 
1737 	    674.1 
1738 	    673.8 
1739 	    673.5 
1740 	    673.2 
1741 	    672.8 
1742 	    672.5 
1743 	    672.2 
1744 	    671.8 
1745 	    671.5 
1746 	    671.2 
1747 	    670.9 
1748 	    670.5 
1749 	    670.2 
1750 	    669.9 
1751 	    669.6 
1752 	    669.3 
1753 	    668.9 
1754 	    668.6 
1755 	    668.3 
1756 	    668.0 
1757 	    667.7 
1758 	    667.3 
1759 	    667.0 
1760 	    666.7 
1761 	    666.4 
1762 	    666.1 
1763 	    665.8 
1764 	    665.4 
1765 	    665.1 
1766 	    664.8 
1767 	    664.5 
1768 	    664.2 
1769 	    663.9 
1770 	    663.6 
1771 	    663.3 
1772 	    662.9 
1773 	    662.6 
1774 	    662.3 
1775 	    662.0 
1776 	    661.7 
1777 	    661.4 
1778 	    661.1 
1779 	    660.8 
1780 	    660.5 
1781 	    660.2 
1782 	    659.9 
1783 	    659.6 
1784 	    659.3 
1785 	    659.0 
1786 	    658.7 
1787 	    658.4 
1788 	    658.1 
1789 	    657.8 
1790 	    657.5 
1791 	    657.2 
1792 	    656.9 
1793 	    656.6 
1794 	    656.3 
1795 	    656.0 
1796 	    655.7 
1797 	    655.4 
1798 	    655.1 
1799 	    654.8 
1800 	    654.5 
1801 	    654.2 
1802 	    653.9 
1803 	    653.6 
1804 	    653.3 
1805 	    653.0 
1806 	    652.7 
1807 	    652.5 
1808 	    652.2 
1809 	    651.9 
1810 	    651.6 
1811 	    651.3 
1812 	    651.0 
1813 	    650.7 
1814 	    650.4 
1815 	    650.1 
1816 	    649.9 
1817 	    649.6 
1818 	    649.3 
1819 	    649.0 
1820 	    648.7 
1821 	    648.4 
1822 	    648.2 
1823 	    647.9 
1824 	    647.6 
1825 	    647.3 
1826 	    647.0 
1827 	    646.7 
1828 	    646.5 
1829 	    646.2 
1830 	    645.9 
1831 	    645.6 
1832 	    645.4 
1833 	    645.1 
1834 	    644.8 
1835 	    644.5 
1836 	    644.2 
1837 	    644.0 
1838 	    643.7 
1839 	    643.4 
1840 	    643.2 
1841 	    642.9 
1842 	    642.6 
1843 	    642.3 
1844 	    642.1 
1845 	    641.8 
1846 	    641.5 
1847 	    641.2 
1848 	    641.0 
1849 	    640.7 
1850 	    640.4 
1851 	    640.2 
1852 	    639.9 
1853 	    639.6 
1854 	    639.4 
1855 	    639.1 
1856 	    638.8 
1857 	    638.6 
1858 	    638.3 
1859 	    638.0 
1860 	    637.8 
1861 	    637.5 
1862 	    637.2 
1863 	    637.0 
1864 	    636.7 
1865 	    636.5 
1866 	    636.2 
1867 	    635.9 
1868 	    635.7 
1869 	    635.4 
1870 	    635.2 
1871 	    634.9 
1872 	    634.6 
1873 	    634.4 
1874 	    634.1 
1875 	    633.9 
1876 	    633.6 
1877 	    633.3 
1878 	    633.1 
1879 	    632.8 
1880 	    632.6 
1881 	    632.3 
1882 	    632.1 
1883 	    631.8 
1884 	    631.6 
1885 	    631.3 
1886 	    631.0 
1887 	    630.8 
1888 	    630.5 
1889 	    630.3 
1890 	    630.0 
1891 	    629.8 
1892 	    629.5 
1893 	    629.3 
1894 	    629.0 
1895 	    628.8 
1896 	    628.5 
1897 	    628.3 
1898 	    628.0 
1899 	    627.8 
1900 	    627.5 
1901 	    627.3 
1902 	    627.1 
1903 	    626.8 
1904 	    626.6 
1905 	    626.3 
1906 	    626.1 
1907 	    625.8 
1908 	    625.6 
1909 	    625.3 
1910 	    625.1 
1911 	    624.9 
1912 	    624.6 
1913 	    624.4 
1914 	    624.1 
1915 	    623.9 
1916 	    623.6 
1917 	    623.4 
1918 	    623.2 
1919 	    622.9 
1920 	    622.7 
1921 	    622.4 
1922 	    622.2 
1923 	    622.0 
1924 	    621.7 
1925 	    621.5 
1926 	    621.3 
1927 	    621.0 
1928 	    620.8 
1929 	    620.5 
1930 	    620.3 
1931 	    620.1 
1932 	    619.8 
1933 	    619.6 
1934 	    619.4 
1935 	    619.1 
1936 	    618.9 
1937 	    618.7 
1938 	    618.4 
1939 	    618.2 
1940 	    618.0 
1941 	    617.7 
1942 	    617.5 
1943 	    617.3 
1944 	    617.0 
1945 	    616.8 
1946 	    616.6 
1947 	    616.4 
1948 	    616.1 
1949 	    615.9 
1950 	    615.7 
1951 	    615.4 
1952 	    615.2 
1953 	    615.0 
1954 	    614.8 
1955 	    614.5 
1956 	    614.3 
1957 	    614.1 
1958 	    613.9 
1959 	    613.6 
1960 	    613.4 
1961 	    613.2 
1962 	    613.0 
1963 	    612.7 
1964 	    612.5 
1965 	    612.3 
1966 	    612.1 
1967 	    611.8 
1968 	    611.6 
1969 	    611.4 
1970 	    611.2 
1971 	    611.0 
1972 	    610.7 
1973 	    610.5 
1974 	    610.3 
1975 	    610.1 
1976 	    609.8 
1977 	    609.6 
1978 	    609.4 
1979 	    609.2 
1980 	    609.0 
1981 	    608.8 
1982 	    608.5 
1983 	    608.3 
1984 	    608.1 
1985 	    607.9 
1986 	    607.7 
1987 	    607.5 
1988 	    607.2 
1989 	    607.0 
1990 	    606.8 
1991 	    606.6 
1992 	    606.4 
1993 	    606.2 
1994 	    606.0 
1995 	    605.7 
1996 	    605.5 
1997 	    605.3 
1998 	    605.1 
1999 	    604.9 
2000 	    604.7 
2001 	    604.5 
2002 	    604.3 
2003 	    604.0 
2004 	    603.8 
2005 	    603.6 
2006 	    603.4 
2007 	    603.2 
2008 	    603.0 
2009 	    602.8 
2010 	    602.6 
2011 	    602.4 
2012 	    602.2 
2013 	    601.9 
2014 	    601.7 
2015 	    601.5 
2016 	    601.3 
2017 	    601.1 
2018 	    600.9 
2019 	    600.7 
2020 	    600.5 
2021 	    600.3 
2022 	    600.1 
2023 	    599.9 
2024 	    599.7 
2025 	    599.5 
2026 	    599.3 
2027 	    599.1 
2028 	    598.9 
2029 	    598.7 
2030 	    598.5 
2031 	    598.2 
2032 	    598.0 
2033 	    597.8 
2034 	    597.6 
2035 	    597.4 
2036 	    597.2 
2037 	    597.0 
2038 	    596.8 
2039 	    596.6 
2040 	    596.4 
2041 	    596.2 
2042 	    596.0 
2043 	    595.8 
2044 	    595.6 
2045 	    595.4 
2046 	    595.2 
2047 	    595.0 
2048 	    594.8 
2049 	    594.6 
2050 	    594.4 
2051 	    594.2 
2052 	    594.1 
2053 	    593.9 
2054 	    593.7 
2055 	    593.5 
2056 	    593.3 
2057 	    593.1 
2058 	    592.9 
2059 	    592.7 
2060 	    592.5 
2061 	    592.3 
2062 	    592.1 
2063 	    591.9 
2064 	    591.7 
2065 	    591.5 
2066 	    591.3 
2067 	    591.1 
2068 	    590.9 
2069 	    590.7 
2070 	    590.5 
2071 	    590.4 
2072 	    590.2 
2073 	    590.0 
2074 	    589.8 
2075 	    589.6 
2076 	    589.4 
2077 	    589.2 
2078 	    589.0 
2079 	    588.8 
2080 	    588.6 
2081 	    588.4 
2082 	    588.3 
2083 	    588.1 
2084 	    587.9 
2085 	    587.7 
2086 	    587.5 
2087 	    587.3 
2088 	    587.1 
2089 	    586.9 
2090 	    586.8 
2091 	    586.6 
2092 	    586.4 
2093 	    586.2 
2094 	    586.0 
2095 	    585.8 
2096 	    585.6 
2097 	    585.4 
2098 	    585.3 
2099 	    585.1 
2100 	    584.9 
2101 	    584.7 
2102 	    584.5 
2103 	    584.3 
2104 	    584.2 
2105 	    584.0 
2106 	    583.8 
2107 	    583.6 
2108 	    583.4 
2109 	    583.2 
2110 	    583.1 
2111 	    582.9 
2112 	    582.7 
2113 	    582.5 
2114 	    582.3 
2115 	    582.1 
2116 	    582.0 
2117 	    581.8 
2118 	    581.6 
2119 	    581.4 
2120 	    581.2 
2121 	    581.1 
2122 	    580.9 
2123 	    580.7 
2124 	    580.5 
2125 	    580.3 
2126 	    580.2 
2127 	    580.0 
2128 	    579.8 
2129 	    579.6 
2130 	    579.5 
2131 	    579.3 
2132 	    579.1 
2133 	    578.9 
2134 	    578.7 
2135 	    578.6 
2136 	    578.4 
2137 	    578.2 
2138 	    578.0 
2139 	    577.9 
2140 	    577.7 
2141 	    577.5 
2142 	    577.3 
2143 	    577.2 
2144 	    577.0 
2145 	    576.8 
2146 	    576.6 
2147 	    576.5 
2148 	    576.3 
2149 	    576.1 
2150 	    575.9 
2151 	    575.8 
2152 	    575.6 
2153 	    575.4 
2154 	    575.2 
2155 	    575.1 
2156 	    574.9 
2157 	    574.7 
2158 	    574.6 
2159 	    574.4 
2160 	    574.2 
2161 	    574.0 
2162 	    573.9 
2163 	    573.7 
2164 	    573.5 
2165 	    573.4 
2166 	    573.2 
2167 	    573.0 
2168 	    572.9 
2169 	    572.7 
2170 	    572.5 
2171 	    572.3 
2172 	    572.2 
2173 	    572.0 
2174 	    571.8 
2175 	    571.7 
2176 	    571.5 
2177 	    571.3 
2178 	    571.2 
2179 	    571.0 
2180 	    570.8 
2181 	    570.7 
2182 	    570.5 
2183 	    570.3 
2184 	    570.2 
2185 	    570.0 
2186 	    569.8 
2187 	    569.7 
2188 	    569.5 
2189 	    569.3 
2190 	    569.2 
2191 	    569.0 
2192 	    568.8 
2193 	    568.7 
2194 	    568.5 
2195 	    568.3 
2196 	    568.2 
2197 	    568.0 
2198 	    567.9 
2199 	    567.7 
2200 	    567.5 
2201 	    567.4 
2202 	    567.2 
2203 	    567.0 
2204 	    566.9 
2205 	    566.7 
2206 	    566.6 
2207 	    566.4 
2208 	    566.2 
2209 	    566.1 
2210 	    565.9 
2211 	    565.7 
2212 	    565.6 
2213 	    565.4 
2214 	    565.3 
2215 	    565.1 
2216 	    564.9 
2217 	    564.8 
2218 	    564.6 
2219 	    564.5 
2220 	    564.3 
2221 	    564.1 
2222 	    564.0 
2223 	    563.8 
2224 	    563.7 
2225 	    563.5 
2226 	    563.3 
2227 	    563.2 
2228 	    563.0 
2229 	    562.9 
2230 	    562.7 
2231 	    562.6 
2232 	    562.4 
2233 	    562.2 
2234 	    562.1 
2235 	    561.9 
2236 	    561.8 
2237 	    561.6 
2238 	    561.5 
2239 	    561.3 
2240 	    561.1 
2241 	    561.0 
2242 	    560.8 
2243 	    560.7 
2244 	    560.5 
2245 	    560.4 
2246 	    560.2 
2247 	    560.1 
2248 	    559.9 
2249 	    559.8 
2250 	    559.6 
2251 	    559.4 
2252 	    559.3 
2253 	    559.1 
2254 	    559.0 
2255 	    558.8 
2256 	    558.7 
2257 	    558.5 
2258 	    558.4 
2259 	    558.2 
2260 	    558.1 
2261 	    557.9 
2262 	    557.8 
2263 	    557.6 
2264 	    557.5 
2265 	    557.3 
2266 	    557.2 
2267 	    557.0 
2268 	    556.9 
2269 	    556.7 
2270 	    556.6 
2271 	    556.4 
2272 	    556.3 
2273 	    556.1 
2274 	    556.0 
2275 	    555.8 
2276 	    555.7 
2277 	    555.5 
2278 	    555.4 
2279 	    555.2 
2280 	    555.1 
2281 	    554.9 
2282 	    554.8 
2283 	    554.6 
2284 	    554.5 
2285 	    554.3 
2286 	    554.2 
2287 	    554.0 
2288 	    553.9 
2289 	    553.7 
2290 	    553.6 
2291 	    553.4 
2292 	    553.3 
2293 	    553.1 
2294 	    553.0 
2295 	    552.8 
2296 	    552.7 
2297 	    552.6 
2298 	    552.4 
2299 	    552.3 
2300 	    552.1 
2301 	    552.0 
2302 	    551.8 
2303 	    551.7 
2304 	    551.5 
2305 	    551.4 
2306 	    551.2 
2307 	    551.1 
2308 	    551.0 
2309 	    550.8 
2310 	    550.7 
2311 	    550.5 
2312 	    550.4 
2313 	    550.2 
2314 	    550.1 
2315 	    550.0 
2316 	    549.8 
2317 	    549.7 
2318 	    549.5 
2319 	    549.4 
2320 	    549.2 
2321 	    549.1 
2322 	    549.0 
2323 	    548.8 
2324 	    548.7 
2325 	    548.5 
2326 	    548.4 
2327 	    548.3 
2328 	    548.1 
2329 	    548.0 
2330 	    547.8 
2331 	    547.7 
2332 	    547.5 
2333 	    547.4 
2334 	    547.3 
2335 	    547.1 
2336 	    547.0 
2337 	    546.8 
2338 	    546.7 
2339 	    546.6 
2340 	    546.4 
2341 	    546.3 
2342 	    546.2 
2343 	    546.0 
2344 	    545.9 
2345 	    545.7 
2346 	    545.6 
2347 	    545.5 
2348 	    545.3 
2349 	    545.2 
2350 	    545.0 
2351 	    544.9 
2352 	    544.8 
2353 	    544.6 
2354 	    544.5 
2355 	    544.4 
2356 	    544.2 
2357 	    544.1 
2358 	    544.0 
2359 	    543.8 
2360 	    543.7 
2361 	    543.5 
2362 	    543.4 
2363 	    543.3 
2364 	    543.1 
2365 	    543.0 
2366 	    542.9 
2367 	    542.7 
2368 	    542.6 
2369 	    542.5 
2370 	    542.3 
2371 	    542.2 
2372 	    542.1 
2373 	    541.9 
2374 	    541.8 
2375 	    541.7 
2376 	    541.5 
2377 	    541.4 
2378 	    541.3 
2379 	    541.1 
2380 	    541.0 
2381 	    540.9 
2382 	    540.7 
2383 	    540.6 
2384 	    540.5 
2385 	    540.3 
2386 	    540.2 
2387 	    540.1 
2388 	    539.9 
2389 	    539.8 
2390 	    539.7 
2391 	    539.5 
2392 	    539.4 
2393 	    539.3 
2394 	    539.1 
2395 	    539.0 
2396 	    538.9 
2397 	    538.8 
2398 	    538.6 
2399 	    538.5 
2400 	    538.4 
2401 	    538.2 
2402 	    538.1 
2403 	    538.0 
2404 	    537.8 
2405 	    537.7 
2406 	    537.6 
2407 	    537.5 
2408 	    537.3 
2409 	    537.2 
2410 	    537.1 
2411 	    536.9 
2412 	    536.8 
2413 	    536.7 
2414 	    536.6 
2415 	    536.4 
2416 	    536.3 
2417 	    536.2 
2418 	    536.1 
2419 	    535.9 
2420 	    535.8 
2421 	    535.7 
2422 	    535.5 
2423 	    535.4 
2424 	    535.3 
2425 	    535.2 
2426 	    535.0 
2427 	    534.9 
2428 	    534.8 
2429 	    534.7 
2430 	    534.5 
2431 	    534.4 
2432 	    534.3 
2433 	    534.2 
2434 	    534.0 
2435 	    533.9 
2436 	    533.8 
2437 	    533.7 
2438 	    533.5 
2439 	    533.4 
2440 	    533.3 
2441 	    533.2 
2442 	    533.0 
2443 	    532.9 
2444 	    532.8 
2445 	    532.7 
2446 	    532.5 
2447 	    532.4 
2448 	    532.3 
2449 	    532.2 
2450 	    532.0 
2451 	    531.9 
2452 	    531.8 
2453 	    531.7 
2454 	    531.6 
2455 	    531.4 
2456 	    531.3 
2457 	    531.2 
2458 	    531.1 
2459 	    530.9 
2460 	    530.8 
2461 	    530.7 
2462 	    530.6 
2463 	    530.5 
2464 	    530.3 
2465 	    530.2 
2466 	    530.1 
2467 	    530.0 
2468 	    529.9 
2469 	    529.7 
2470 	    529.6 
2471 	    529.5 
2472 	    529.4 
2473 	    529.3 
2474 	    529.1 
2475 	    529.0 
2476 	    528.9 
2477 	    528.8 
2478 	    528.7 
2479 	    528.5 
2480 	    528.4 
2481 	    528.3 
2482 	    528.2 
2483 	    528.1 
2484 	    528.0 
2485 	    527.8 
2486 	    527.7 
2487 	    527.6 
2488 	    527.5 
2489 	    527.4 
2490 	    527.2 
2491 	    527.1 
2492 	    527.0 
2493 	    526.9 
2494 	    526.8 
2495 	    526.7 
2496 	    526.5 
2497 	    526.4 
2498 	    526.3 
2499 	    526.2 
2500 	    526.1 
2501 	    526.0 
2502 	    525.8 
2503 	    525.7 
2504 	    525.6 
2505 	    525.5 
2506 	    525.4 
2507 	    525.3 
2508 	    525.2 
2509 	    525.0 
2510 	    524.9 
2511 	    524.8 
2512 	    524.7 
2513 	    524.6 
2514 	    524.5 
2515 	    524.3 
2516 	    524.2 
2517 	    524.1 
2518 	    524.0 
2519 	    523.9 
2520 	    523.8 
2521 	    523.7 
2522 	    523.6 
2523 	    523.4 
2524 	    523.3 
2525 	    523.2 
2526 	    523.1 
2527 	    523.0 
2528 	    522.9 
2529 	    522.8 
2530 	    522.6 
2531 	    522.5 
2532 	    522.4 
2533 	    522.3 
2534 	    522.2 
2535 	    522.1 
2536 	    522.0 
2537 	    521.9 
2538 	    521.8 
2539 	    521.6 
2540 	    521.5 
2541 	    521.4 
2542 	    521.3 
2543 	    521.2 
2544 	    521.1 
2545 	    521.0 
2546 	    520.9 
2547 	    520.8 
2548 	    520.6 
2549 	    520.5 
2550 	    520.4 
2551 	    520.3 
2552 	    520.2 
2553 	    520.1 
2554 	    520.0 
2555 	    519.9 
2556 	    519.8 
2557 	    519.7 
2558 	    519.6 
2559 	    519.4 
2560 	    519.3 
2561 	    519.2 
2562 	    519.1 
2563 	    519.0 
2564 	    518.9 
2565 	    518.8 
2566 	    518.7 
2567 	    518.6 
2568 	    518.5 
2569 	    518.4 
2570 	    518.3 
2571 	    518.1 
2572 	    518.0 
2573 	    517.9 
2574 	    517.8 
2575 	    517.7 
2576 	    517.6 
2577 	    517.5 
2578 	    517.4 
2579 	    517.3 
2580 	    517.2 
2581 	    517.1 
2582 	    517.0 
2583 	    516.9 
2584 	    516.8 
2585 	    516.7 
2586 	    516.6 
2587 	    516.4 
2588 	    516.3 
2589 	    516.2 
2590 	    516.1 
2591 	    516.0 
2592 	    515.9 
2593 	    515.8 
2594 	    515.7 
2595 	    515.6 
2596 	    515.5 
2597 	    515.4 
2598 	    515.3 
2599 	    515.2 
2600 	    515.1 
2601 	    515.0 
2602 	    514.9 
2603 	    514.8 
2604 	    514.7 
2605 	    514.6 
2606 	    514.5 
2607 	    514.4 
2608 	    514.3 
2609 	    514.2 
2610 	    514.1 
2611 	    514.0 
2612 	    513.9 
2613 	    513.7 
2614 	    513.6 
2615 	    513.5 
2616 	    513.4 
2617 	    513.3 
2618 	    513.2 
2619 	    513.1 
2620 	    513.0 
2621 	    512.9 
2622 	    512.8 
2623 	    512.7 
2624 	    512.6 
2625 	    512.5 
2626 	    512.4 
2627 	    512.3 
2628 	    512.2 
2629 	    512.1 
2630 	    512.0 
2631 	    511.9 
2632 	    511.8 
2633 	    511.7 
2634 	    511.6 
2635 	    511.5 
2636 	    511.4 
2637 	    511.3 
2638 	    511.2 
2639 	    511.1 
2640 	    511.0 
2641 	    510.9 
2642 	    510.8 
2643 	    510.7 
2644 	    510.6 
2645 	    510.5 
2646 	    510.4 
2647 	    510.3 
2648 	    510.2 
2649 	    510.1 
2650 	    510.0 
2651 	    509.9 
2652 	    509.8 
2653 	    509.7 
2654 	    509.7 
2655 	    509.6 
2656 	    509.5 
2657 	    509.4 
2658 	    509.3 
2659 	    509.2 
2660 	    509.1 
2661 	    509.0 
2662 	    508.9 
2663 	    508.8 
2664 	    508.7 
2665 	    508.6 
2666 	    508.5 
2667 	    508.4 
2668 	    508.3 
2669 	    508.2 
2670 	    508.1 
2671 	    508.0 
2672 	    507.9 
2673 	    507.8 
2674 	    507.7 
2675 	    507.6 
2676 	    507.5 
2677 	    507.4 
2678 	    507.3 
2679 	    507.2 
2680 	    507.1 
2681 	    507.1 
2682 	    507.0 
2683 	    506.9 
2684 	    506.8 
2685 	    506.7 
2686 	    506.6 
2687 	    506.5 
2688 	    506.4 
2689 	    506.3 
2690 	    506.2 
2691 	    506.1 
2692 	    506.0 
2693 	    505.9 
2694 	    505.8 
2695 	    505.7 
2696 	    505.6 
2697 	    505.6 
2698 	    505.5 
2699 	    505.4 
2700 	    505.3 
2701 	    505.2 
2702 	    505.1 
2703 	    505.0 
2704 	    504.9 
2705 	    504.8 
2706 	    504.7 
2707 	    504.6 
2708 	    504.5 
2709 	    504.4 
2710 	    504.4 
2711 	    504.3 
2712 	    504.2 
2713 	    504.1 
2714 	    504.0 
2715 	    503.9 
2716 	    503.8 
2717 	    503.7 
2718 	    503.6 
2719 	    503.5 
2720 	    503.4 
2721 	    503.3 
2722 	    503.3 
2723 	    503.2 
2724 	    503.1 
2725 	    503.0 
2726 	    502.9 
2727 	    502.8 
2728 	    502.7 
2729 	    502.6 
2730 	    502.5 
2731 	    502.4 
2732 	    502.4 
2733 	    502.3 
2734 	    502.2 
2735 	    502.1 
2736 	    502.0 
2737 	    501.9 
2738 	    501.8 
2739 	    501.7 
2740 	    501.6 
2741 	    501.6 
2742 	    501.5 
2743 	    501.4 
2744 	    501.3 
2745 	    501.2 
2746 	    501.1 
2747 	    501.0 
2748 	    500.9 
2749 	    500.9 
2750 	    500.8 
2751 	    500.7 
2752 	    500.6 
2753 	    500.5 
2754 	    500.4 
2755 	    500.3 
2756 	    500.2 
2757 	    500.2 
2758 	    500.1 
2759 	    500.0 
2760 	    499.9 
2761 	    499.8 
2762 	    499.7 
2763 	    499.6 
2764 	    499.5 
2765 	    499.5 
2766 	    499.4 
2767 	    499.3 
2768 	    499.2 
2769 	    499.1 
2770 	    499.0 
2771 	    498.9 
2772 	    498.9 
2773 	    498.8 
2774 	    498.7 
2775 	    498.6 
2776 	    498.5 
2777 	    498.4 
2778 	    498.3 
2779 	    498.3 
2780 	    498.2 
2781 	    498.1 
2782 	    498.0 
2783 	    497.9 
2784 	    497.8 
2785 	    497.8 
2786 	    497.7 
2787 	    497.6 
2788 	    497.5 
2789 	    497.4 
2790 	    497.3 
2791 	    497.3 
2792 	    497.2 
2793 	    497.1 
2794 	    497.0 
2795 	    496.9 
2796 	    496.8 
2797 	    496.8 
2798 	    496.7 
2799 	    496.6 
2800 	    496.5 
2801 	    496.4 
2802 	    496.3 
2803 	    496.3 
2804 	    496.2 
2805 	    496.1 
2806 	    496.0 
2807 	    495.9 
2808 	    495.8 
2809 	    495.8 
2810 	    495.7 
2811 	    495.6 
2812 	    495.5 
2813 	    495.4 
2814 	    495.4 
2815 	    495.3 
2816 	    495.2 
2817 	    495.1 
2818 	    495.0 
2819 	    494.9 
2820 	    494.9 
2821 	    494.8 
2822 	    494.7 
2823 	    494.6 
2824 	    494.5 
2825 	    494.5 
2826 	    494.4 
2827 	    494.3 
2828 	    494.2 
2829 	    494.1 
2830 	    494.1 
2831 	    494.0 
2832 	    493.9 
2833 	    493.8 
2834 	    493.7 
2835 	    493.7 
2836 	    493.6 
2837 	    493.5 
2838 	    493.4 
2839 	    493.3 
2840 	    493.3 
2841 	    493.2 
2842 	    493.1 
2843 	    493.0 
2844 	    492.9 
2845 	    492.9 
2846 	    492.8 
2847 	    492.7 
2848 	    492.6 
2849 	    492.5 
2850 	    492.5 
2851 	    492.4 
2852 	    492.3 
2853 	    492.2 
2854 	    492.2 
2855 	    492.1 
2856 	    492.0 
2857 	    491.9 
2858 	    491.8 
2859 	    491.8 
2860 	    491.7 
2861 	    491.6 
2862 	    491.5 
2863 	    491.5 
2864 	    491.4 
2865 	    491.3 
2866 	    491.2 
2867 	    491.2 
2868 	    491.1 
2869 	    491.0 
2870 	    490.9 
2871 	    490.8 
2872 	    490.8 
2873 	    490.7 
2874 	    490.6 
2875 	    490.5 
2876 	    490.5 
2877 	    490.4 
2878 	    490.3 
2879 	    490.2 
2880 	    490.2 
2881 	    490.1 
2882 	    490.0 
2883 	    489.9 
2884 	    489.9 
2885 	    489.8 
2886 	    489.7 
2887 	    489.6 
2888 	    489.6 
2889 	    489.5 
2890 	    489.4 
2891 	    489.3 
2892 	    489.3 
2893 	    489.2 
2894 	    489.1 
2895 	    489.0 
2896 	    489.0 
2897 	    488.9 
2898 	    488.8 
2899 	    488.7 
2900 	    488.7 
2901 	    488.6 
2902 	    488.5 
2903 	    488.4 
2904 	    488.4 
2905 	    488.3 
2906 	    488.2 
2907 	    488.1 
2908 	    488.1 
2909 	    488.0 
2910 	    487.9 
2911 	    487.9 
2912 	    487.8 
2913 	    487.7 
2914 	    487.6 
2915 	    487.6 
2916 	    487.5 
2917 	    487.4 
2918 	    487.3 
2919 	    487.3 
2920 	    487.2 
2921 	    487.1 
2922 	    487.1 
2923 	    487.0 
2924 	    486.9 
2925 	    486.8 
2926 	    486.8 
2927 	    486.7 
2928 	    486.6 
2929 	    486.5 
2930 	    486.5 
2931 	    486.4 
2932 	    486.3 
2933 	    486.3 
2934 	    486.2 
2935 	    486.1 
2936 	    486.0 
2937 	    486.0 
2938 	    485.9 
2939 	    485.8 
2940 	    485.8 
2941 	    485.7 
2942 	    485.6 
2943 	    485.5 
2944 	    485.5 
2945 	    485.4 
2946 	    485.3 
2947 	    485.3 
2948 	    485.2 
2949 	    485.1 
2950 	    485.1 
2951 	    485.0 
2952 	    484.9 
2953 	    484.8 
2954 	    484.8 
2955 	    484.7 
2956 	    484.6 
2957 	    484.6 
2958 	    484.5 
2959 	    484.4 
2960 	    484.4 
2961 	    484.3 
2962 	    484.2 
2963 	    484.2 
2964 	    484.1 
2965 	    484.0 
2966 	    483.9 
2967 	    483.9 
2968 	    483.8 
2969 	    483.7 
2970 	    483.7 
2971 	    483.6 
2972 	    483.5 
2973 	    483.5 
2974 	    483.4 
2975 	    483.3 
2976 	    483.3 
2977 	    483.2 
2978 	    483.1 
2979 	    483.1 
2980 	    483.0 
2981 	    482.9 
2982 	    482.9 
2983 	    482.8 
2984 	    482.7 
2985 	    482.6 
2986 	    482.6 
2987 	    482.5 
2988 	    482.4 
2989 	    482.4 
2990 	    482.3 
2991 	    482.2 
2992 	    482.2 
2993 	    482.1 
2994 	    482.0 
2995 	    482.0 
2996 	    481.9 
2997 	    481.8 
2998 	    481.8 
2999 	    481.7 
3000 	    481.6 
